0.21 -0.0270645
0.2273 -0.0270645
0.227668747 -0.0270645
0.228037494 -0.0270645
0.228406241 -0.0270645
0.228774988 -0.0270645
0.229143735 -0.0270645
0.229512482 -0.0270645
0.229881229 -0.0270645
0.230249976 -0.0270645
0.230618723 -0.0270645
0.23098747 -0.0270645
0.231356217 -0.0270645
0.231724965 -0.0270645
0.232093712 -0.0270645
0.232462459 -0.0270645
0.232831206 -0.0270645
0.233199953 -0.0270645
0.2335687 -0.0270645
0.233937447 -0.0270645
0.234306194 -0.027060235
0.234674941 -0.026806336
0.235043688 -0.026552436
0.235412435 -0.026298536
0.235781182 -0.026044637
0.236149929 -0.025790737
0.236518676 -0.025536838
0.236887423 -0.025282938
0.23725617 -0.025029038
0.237624917 -0.024775139
0.237993664 -0.024521239
0.238362411 -0.024267339
0.238731158 -0.02401344
0.239099905 -0.02375954
0.239468652 -0.023505641
0.2398374 -0.023251741
0.240206147 -0.022997841
0.240574894 -0.022743942
0.240943641 -0.022490042
0.241312388 -0.022236143
0.241681135 -0.021982243
0.242049882 -0.021728343
0.242418629 -0.021474444
0.242787376 -0.021220544
0.243156123 -0.020966644
0.24352487 -0.020712745
0.243893617 -0.020458845
0.244262364 -0.020204946
0.244631111 -0.019951046
0.244999858 -0.019697146
0.245368605 -0.019443247
0.245737352 -0.019189347
0.246106099 -0.018935447
0.246474846 -0.018681548
0.246843593 -0.018427648
0.24721234 -0.018173749
0.247581087 -0.017919849
0.247949835 -0.017665949
0.248318582 -0.01741205
0.248687329 -0.01715815
0.249056076 -0.016904251
0.249424823 -0.016650351
0.24979357 -0.016396451
0.250162317 -0.016142552
0.250531064 -0.015888652
0.250899811 -0.015634752
0.251268558 -0.015380853
0.251637305 -0.015126953
0.252006052 -0.014873054
0.252374799 -0.014619154
0.252743546 -0.014365254
0.253112293 -0.014111355
0.25348104 -0.013857455
0.253849787 -0.013603556
0.254218534 -0.013349656
0.254587281 -0.013095756
0.254956028 -0.012841857
0.255324775 -0.012587957
0.255693522 -0.012334057
0.25606227 -0.012080164
0.256431017 -0.011826263
0.256799764 -0.011578919
0.257168511 -0.011342177
0.257537258 -0.011115863
0.257906005 -0.010899809
0.258274752 -0.010693846
0.258643499 -0.010497803
0.259012246 -0.010311512
0.259380993 -0.010134802
0.25974974 -0.009967504
0.260118487 -0.009809448
0.260487234 -0.009660463
0.260855981 -0.009520381
0.261224728 -0.009389031
0.261593475 -0.009266244
0.261962222 -0.00915185
0.262330969 -0.009045679
0.262699716 -0.008947562
0.263068463 -0.008857327
0.26343721 -0.008774807
0.263805957 -0.008699831
0.264174704 -0.008632229
0.264543452 -0.008571831
0.264912199 -0.008518469
0.265280946 -0.008471971
0.265649693 -0.008432168
0.26601844 -0.00839889
0.266387187 -0.008371969
0.266755934 -0.008351233
0.267124681 -0.008336513
0.267493428 -0.008327638
0.267862175 -0.008324463
0.268230922 -0.008324502
0.268599669 -0.0083245
0.268968416 -0.0083245
0.269337163 -0.0083245
0.26970591 -0.0083245
0.270074657 -0.0083245
0.270443404 -0.0083245
0.270812151 -0.0083245
0.271180898 -0.0083245
0.271549645 -0.0083245
0.271918392 -0.0083245
0.272287139 -0.0083245
0.272655887 -0.0083245
0.273024634 -0.0083245
0.273393381 -0.0083245
0.273762128 -0.0083245
0.274130875 -0.0083245
0.274499622 -0.0083245
0.274868369 -0.0083245
0.275237116 -0.0083245
0.275605863 -0.0083245
0.27597461 -0.0083245
0.276343357 -0.0083245
0.276712104 -0.0083245
0.277080851 -0.0083245
0.277449598 -0.0083245
0.277818345 -0.0083245
0.278187092 -0.0083245
0.278555839 -0.0083245
0.278924586 -0.0083245
0.279293333 -0.0083245
0.27966208 -0.0083245
0.280030827 -0.0083245
0.280399574 -0.0083245
0.280768322 -0.0083245
0.281137069 -0.0083245
0.281505816 -0.0083245
0.281874563 -0.0083245
0.28224331 -0.0083245
0.282612057 -0.0083245
0.282980804 -0.0083245
0.283349551 -0.0083245
0.283718298 -0.0083245
0.284087045 -0.0083245
0.284455792 -0.0083245
0.284824539 -0.0083245
0.285193286 -0.0083245
0.285562033 -0.0083245
0.28593078 -0.0083245
0.286299527 -0.0083245
0.286668274 -0.0083245
0.287037021 -0.0083245
0.287405768 -0.0083245
0.287774515 -0.0083245
0.288143262 -0.0083245
0.288512009 -0.0083245
0.288880757 -0.0083245
0.289249504 -0.0083245
0.289618251 -0.0083245
0.289986998 -0.0083245
0.290355745 -0.0083245
0.290724492 -0.0083245
0.291093239 -0.0083245
0.291461986 -0.0083245
0.291830733 -0.0083245
0.29219948 -0.0083245
0.292568227 -0.0083245
0.292936974 -0.0083245
0.293305721 -0.0083245
0.293674468 -0.0083245
0.294043215 -0.0083245
0.294411962 -0.0083245
0.294780709 -0.0083245
0.295149456 -0.0083245
0.295518203 -0.0083245
0.29588695 -0.0083245
0.296255697 -0.0083245
0.296624444 -0.0083245
0.296993191 -0.0083245
0.297361939 -0.0083245
0.297730686 -0.0083245
0.298099433 -0.0083245
0.29846818 -0.0083245
0.298836927 -0.0083245
0.299205674 -0.0083245
0.299574421 -0.0083245
0.299943168 -0.0083245
0.300311915 -0.0083245
0.300680662 -0.0083245
0.301049409 -0.0083245
0.301418156 -0.0083245
0.301786903 -0.0083245
0.30215565 -0.0083245
0.302524397 -0.0083245
0.302893144 -0.0083245
0.303261891 -0.0083245
0.303630638 -0.0083245
0.303999385 -0.0083245
0.304368132 -0.0083245
0.304736879 -0.0083245
0.305105626 -0.0083245
0.305474374 -0.0083245
0.305843121 -0.0083245
0.306211868 -0.0083245
0.306580615 -0.0083245
0.306949362 -0.0083245
0.307318109 -0.0083245
0.307686856 -0.0083245
0.308055603 -0.0083245
0.30842435 -0.0083245
0.308793097 -0.0083245
0.309161844 -0.0083245
0.309530591 -0.0083245
0.309899338 -0.0083245
0.310268085 -0.0083245
0.310636832 -0.0083245
0.311005579 -0.0083245
0.311374326 -0.0083245
0.311743073 -0.0083245
0.31211182 -0.0083245
0.312480567 -0.0083245
0.312849314 -0.0083245
0.313218061 -0.0083245
0.313586809 -0.0083245
0.313955556 -0.0083245
0.314324303 -0.0083245
0.31469305 -0.0083245
0.315061797 -0.0083245
0.315430544 -0.0083245
0.315799291 -0.0083245
0.316168038 -0.0083245
0.316536785 -0.0083245
0.316905532 -0.0083245
0.317274279 -0.0083245
0.317643026 -0.0083245
0.318011773 -0.0083245
0.31838052 -0.0083245
0.318749267 -0.0083245
0.319118014 -0.0083245
0.319486761 -0.0083245
0.319855508 -0.0083245
0.320224255 -0.0083245
0.320593002 -0.0083245
0.320961749 -0.0083245
0.321330496 -0.0083245
0.321699243 -0.0083245
0.322067991 -0.0083245
0.322436738 -0.0083245
0.322805485 -0.0083245
0.323174232 -0.0083245
0.323542979 -0.0083245
0.323911726 -0.0083245
0.324280473 -0.0083245
0.32464922 -0.0083245
0.325017967 -0.0083245
0.325386714 -0.0083245
0.325755461 -0.0083245
0.326124208 -0.0083245
0.326492955 -0.0083245
0.326861702 -0.0083245
0.327230449 -0.0083245
0.327599196 -0.0083245
0.327967943 -0.0083245
0.32833669 -0.0083245
0.328705437 -0.0083245
0.329074184 -0.0083245
0.329442931 -0.0083245
0.329811678 -0.0083245
0.330180426 -0.0083245
0.330549173 -0.0083245
0.33091792 -0.0083245
0.331286667 -0.0083245
0.331655414 -0.0083245
0.332024161 -0.0083245
0.332392908 -0.0083245
0.332761655 -0.0083245
0.333130402 -0.0083245
0.333499149 -0.0083245
0.333867896 -0.0083245
0.334236643 -0.0083245
0.33460539 -0.0083245
0.334974137 -0.0083245
0.335342884 -0.0083245
0.335711631 -0.0083245
0.336080378 -0.0083245
0.336449125 -0.0083245
0.336817872 -0.0083245
0.337186619 -0.0083245
0.337555366 -0.0083245
0.337924113 -0.0083245
0.338292861 -0.0083245
0.338661608 -0.0083245
0.339030355 -0.0083245
0.339399102 -0.0083245
0.339767849 -0.0083245
0.340136596 -0.0083245
0.340505343 -0.0083245
0.34087409 -0.0083245
0.341242837 -0.0083245
0.341611584 -0.0083245
0.341980331 -0.0083245
0.342349078 -0.0083245
0.342717825 -0.0083245
0.343086572 -0.0083245
0.343455319 -0.0083245
0.343824066 -0.0083245
0.344192813 -0.0083245
0.34456156 -0.0083245
0.344930307 -0.0083245
0.345299054 -0.0083245
0.345667801 -0.0083245
0.346036548 -0.0083245
0.346405296 -0.0083245
0.346774043 -0.0083245
0.34714279 -0.0083245
0.347511537 -0.0083245
0.347880284 -0.0083245
0.348249031 -0.0083245
0.348617778 -0.0083245
0.348986525 -0.0083245
0.349355272 -0.0083245
0.349724019 -0.0083245
0.350092766 -0.0083245
0.350461513 -0.0083245
0.35083026 -0.0083245
0.351199007 -0.0083245
0.351567754 -0.0083245
0.351936501 -0.0083245
0.352305248 -0.0083245
0.352673995 -0.0083245
0.353042742 -0.0083245
0.353411489 -0.0083245
0.353780236 -0.0083245
0.354148983 -0.0083245
0.35451773 -0.0083245
0.354886478 -0.0083245
0.355255225 -0.0083245
0.355623972 -0.0083245
0.355992719 -0.0083245
0.356361466 -0.0083245
0.356730213 -0.0083245
0.35709896 -0.0083245
0.357467707 -0.0083245
0.357836454 -0.0083245
0.358205201 -0.0083245
0.358573948 -0.0083245
0.358942695 -0.0083245
0.359311442 -0.0083245
0.359680189 -0.0083245
0.360048936 -0.0083245
0.360417683 -0.0083245
0.36078643 -0.0083245
0.361155177 -0.0083245
0.361523924 -0.0083245
0.361892671 -0.0083245
0.362261418 -0.0083245
0.362630165 -0.0083245
0.362998913 -0.0083245
0.36336766 -0.0083245
0.363736407 -0.0083245
0.364105154 -0.0083245
0.364473901 -0.0083245
0.364842648 -0.0083245
0.365211395 -0.0083245
0.365580142 -0.0083245
0.365948889 -0.0083245
0.366317636 -0.0083245
0.366686383 -0.0083245
0.36705513 -0.0083245
0.367423877 -0.0083245
0.367792624 -0.0083245
0.368161371 -0.0083245
0.368530118 -0.0083245
0.368898865 -0.0083245
0.369267612 -0.0083245
0.369636359 -0.0083245
0.370005106 -0.0083245
0.370373853 -0.0083245
0.3707426 -0.0083245
0.371111348 -0.0083245
0.371480095 -0.0083245
0.371848842 -0.0083245
0.372217589 -0.0083245
0.372586336 -0.0083245
0.372955083 -0.0083245
0.37332383 -0.0083245
0.373692577 -0.0083245
0.374061324 -0.0083245
0.374430071 -0.0083245
0.374798818 -0.0083245
0.375167565 -0.0083245
0.375536312 -0.0083245
0.375905059 -0.0083245
0.376273806 -0.0083245
0.376642553 -0.0083245
0.3770113 -0.0083245
0.377380047 -0.0083245
0.377748794 -0.0083245
0.378117541 -0.0083245
0.378486288 -0.0083245
0.378855035 -0.0083245
0.379223783 -0.0083245
0.37959253 -0.0083245
0.379961277 -0.0083245
0.380330024 -0.0083245
0.380698771 -0.0083245
0.381067518 -0.0083245
0.381436265 -0.0083245
0.381805012 -0.0083245
0.382173759 -0.0083245
0.382542506 -0.0083245
0.382911253 -0.0083245
0.38328 -0.0083245
0.72163 -0.0083245
0.74163 -0.0083245
0.98663 -0.016874377
